km ks tc3m tc3s
171 128 204 128
175 128 208 128
170 128 212 128
171 128 202 128
171 128 206 128
178 128 166 128
171 128 205 128
174 128 203 128
168 127 208 128
171 128 204 128
171 128 211 128
169 128 202 128
152 128 198 128
170 128 206 128
168 128 203 128
171 128 209 128
165 128 208 128
165 128 210 128
174 128 205 128
174 127 204 128
170 128 206 128
172 128 201 128
172 128 205 128
168 128 205 128
168 128 202 130
168 128 208 128
170 128 202 128
171 128 204 128
171 128 194 128
169 128 210 128
172 130 206 128
169 128 210 128
134 128 186 128
173 128 195 128
176 128 205 128
172 128 209 128
170 128 209 128
170 128 210 128
169 128 206 128
172 128 206 128
173 128 201 128
168 128 205 128
173 128 204 128
168 128 210 128
168 128 204 128
174 128 212 130
170 128 201 128
169 128 203 128
172 128 202 128
171 127 212 128
182 128 205 129
171 128 204 128
165 128 206 128
172 128 206 128
169 128 206 128
168 128 212 128
171 128 208 128
171 127 198 128
171 128 209 128
168 128 201 128
172 128 208 128
173 128 210 128
166 128 200 128
172 128 212 128
171 128 204 128
174 128 205 128
171 128 206 128
174 128 210 128
169 128 202 128
172 128 208 130
174 128 205 127
171 128 204 128
140 128 208 128
170 128 209 128
175 127 203 128
168 128 205 128
172 128 202 128
171 128 205 128
170 128 198 128
174 128 205 128
170 128 205 128
175 128 208 128
173 128 200 128
178 128 212 128
143 128 204 128
175 128 212 128
170 128 205 128
169 128 209 128
174 128 211 128
166 128 205 128
168 128 206 128
171 128 183 128
174 128 199 128
155 128 219 128
173 128 211 128
166 128 206 128
168 128 205 128
173 128 207 127
161 128 203 128
167 128 206 128
